-34 250
-23 53
-50 238
115 105
68 -54
-10 54
-48 -76
-169 -48
304 -29
191 -101
61 -165
-172 67
-148 112
6 101
304 191
-169 -47
-264 -136
284 -113
104 -31
8 199
12 -54
67 332
179 494
70 543
194 247
-278 276
-244 -156
-219 -53
61 -111
98 -79
66 26
241 113
75 -19
-67 177
-15 -115
-143 91
141 223
94 73
-404 -3
89 161
66 9
-97 81
80 -53
36 -91
72 200
68 -70
47 26
178 -310
104 -253
34 -72
263 -309
407 -235
169 -153
-36 92
8 -156
266 -72
196 -16
-50 -79
77 241
138 90
8 262
95 -60
51 347
106 208
-99 -305
-139 22
-63 443
53 223
212 -60
-96 -45
-134 56
33 -13
100 87
37 63
-191 138
-1 -38
161 -25
-16 -305
135 270
332 241
135 -113
-176 135
-45 -12
89 340
-129 185
-75 105
65 162
62 152
28 5
97 231
233 277
-71 126
-76 -53
237 -15
-18 -89
13 106
100 -55
-148 51
-159 83
-14 63
63 40
29 355
92 101
69 87
109 106
6 -219
14 -87
-75 -37
-59 -191
-210 -42
-72 400
117 25
247 179
-150 -37
-163 -48
0 -69
-132 -123
69 -32
142 35
513 69
217 -92
264 233
78 -140
44 -148
194 439
50 77
-288 -27
60 67
